Raster:
32
150
000000000000000000000000000000000000000000000000000000000000000000000000000000000000000000000000000000000000000000000000000000000000000000000000000000
000000000000000000000000000000000000000000000000000000000000000000000000000000000000000000000000000000000000000000000000000000000000000000000000000000
000000000000000000000000000000000000000000000000000000000000000000000000000000000000000000000000000000000000000000000000000000000000000000000000000000
000000000000000000000000000000000000000000000000000000000000000000000000000000000000000000000000000000000000000000000000000000000000000000000000000000
000000000000000000000000000000000000000000000000000000000000000000000000000000000000000000000000000000000000000000000000000000000000000000000000000000
000000000000000000000000000000000000000000000000000000000000000000000000000000000000000000000000000000000000000000000000000000000000000000000000000000
000000000000000000000000000000000000000000000000000000000000000000000000000000000000000000000000000000000000000000000000000000000000000000000000000000
000000000000000000000000000000000000000000000000000000000000000000000000000000000000000000000000000000000000000000000000000000000000000000000000000000
000000000000000000000000001111111100000000000001111111100000000000000000000000011111000000000000000000000000000000000000000000000000000000000000000000
000000000000000000000000001111111110000000000001111111100000000000000000000000011111000000000000000000000000000000000000000000000000000000000000000000
000000000000000000000000001111111110000000000011111111100000000000000000000000011111000000011111100000000000000000000000000000000000000000000000000000
000000000000000000000000001111111111000000000111111111100000000111111111000000011111000000111111000000011111110000000000000000000000000000000000000000
000000000000000000000000001111101111100000001111101111100000111111111111110000011111000001111110000011111111111100000001111110000000000000000000000000
000000000000000000000000001111100111100000001111001111100001111100000111111000011111000011111000000111110000001111000001111110000000000000000000000000
000000000000000000000000001111100011110000011110001111100000000000000001111100011111001111100000001111000000000111100001111110000000000000000000000000
000000000000000000000000001111100011111000111110001111100000000000111111111100011111111111000000011111000000000011110000000000000000000000000000000000
000000000000000000000000001111100001111000111100001111100000111111111111111100011111111111110000011111111111111111110000000000000000000000000000000000
000000000000000000000000001111100000111101111000001111100001111100000011111100011111110111111000011111000000000000000000000000000000000000000000000000
000000000000000000000000001111100000011111111000001111100011111000000011111100011111100001111100001111000000000011100001111110000000000000000000000000
000000000000000000000000001111100000011111110000001111100001111111111111111100011111100000111110000111110000000111100001111110000000000000000000000000
000000000000000000000000001111100000001111100000001111100000111111110001111100011111100000011111100001111111111111000001111110000000000000000000000000
000000000000000000000000001111100000000010000000001111100000000111000001111100011111100000001111100000000111111000000000000000000000000000000000000000
000000000000000000000000000000000000000000000000000000000000000000000000000000000000000000000000000000000000000000000000000000000000000000000000000000
000000000000000000000000000000000000000000000000000000000000000000000000000000000000000000000000000000000000000000000000000000000000000000000000000000
000000000000000000000000000000000000000000000000000000000000000000000000000000000000000000000000000000000000000000000000000000000000000000000000000000
000000000000000000000000000000000000000000000000000000000000000000000000000000000000000000000000000000000000000000000000000000000000000000000000000000
000000000000000000000000000000000000000000000000000000000000000000000000000000000000000000000000000000000000000000000000000000000000000000000000000000
000000000000000000000000000000000000000000000000000000000000000000000000000000000000000000000000000000000000000000000000000000000000000000000000000000
000000000000000000000000000000000000000000000000000000000000000000000000000000000000000000000000000000000000000000000000000000000000000000000000000000
000000000000000000000000000000000000000000000000000000000000000000000000000000000000000000000000000000000000000000000000000000000000000000000000000000
000000000000000000000000000000000000000000000000000000000000000000000000000000000000000000000000000000000000000000000000000000000000000000000000000000
000000000000000000000000000000000000000000000000000000000000000000000000000000000000000000000000000000000000000000000000000000000000000000000000000000
