Raster:
32
150
000000100000000000000100000000000000100000000000001000000000000001000000000000001000000000000000010000000000000010000000000000010000000000000010000000
000000100000000000000100000000000000100000000000001000000000000001000000000000001000000000000000010000000000000010000000000000010000000000000010000000
111111111111111111111111111111111111111111111111111111111111111111111111111111111111111111111111111111111111111111111111111111111111111111111111111111
000000100000000000000100000000000000100000000000001000000000000001000000000000001000000000000000010000000000000010000000000000010000000000000010000000
000000100000000000000100000000000000100000000000001000000000000001000000000000001000000000000000010000000000000010000000000000010000000000000010000000
000000100000000000000100000000000000100000000000001000000000000001000000000000001000000000000000010000000000000010000000000000010000000000000010000000
000000100000000000000100000000000000100000000000001000000000000001000000000000001000000000000000010000000000000010000000000000010000000000000010000000
000000100000000000000100000000000000100000000000001000000000000001000000000000001000000000000000010000000000000010000000000000010000000000000010000000
000000100000000000000100000000000000100000000000001000000000000001000000000000001000000000000000010000000000000010000000000000010000000000000010000000
111111111111111111111111111111111111111111111111111111111111111111111111111111111111111111111111111111111111111111111111111111111111111111111111111111
000000100000000000000100000000000000100000000000001000000000000000000001111100000000000000000000010000000000000010000000000000010000000000000010000000
000000100000000000000100000000000000100000000000001000000000000000000110000011000000000000000000010000000000000010000000000000010000000000000010000000
000000100000000000000100000000000000100000000000001000000000000000110000000000110000000000000000010000000000000010000000000000010000000000000010000000
000000100000000000000100000000000000100000000000001000000000000011000000000000001100000000000000010000000000000010000000000000010000000000000010000000
000000100000000000000100000000000000100000000000001000000000001100000000111000000011000000000000010000000000000010000000000000010000000000000010000000
111111111111111111111111111111111111111111111111111111111111110000000001000100000000111111111111111111111111111111111111111111111111111111111111111111
000000100000000000000100000000000000100000000000001000000000001100000000111000000011000000000000010000000000000010000000000000010000000000000010000000
000000100000000000000100000000000000100000000000001000000000000011000000000000001100000000000000010000000000000010000000000000010000000000000010000000
000000100000000000000100000000000000100000000000001000000000000000110000000000110000000000000000010000000000000010000000000000010000000000000010000000
000000100000000000000100000000000000100000000000001000000000000000001100000011000000000000000000010000000000000010000000000000010000000000000010000000
000000100000000000000100000000000000100000000000001000000000000000000011111100000000000000000000010000000000000010000000000000010000000000000010000000
111111111111111111111111111111111111111111111111111111111111111111111111111111111111111111111111111111111111111111111111111111111111111111111111111111
000000100000000000000100000000000000100000000000001000000000000001000000000000001000000000000000010000000000000010000000000000010000000000000010000000
000000100000000000000100000000000000100000000000001000000000000001000000000000001000000000000000010000000000000010000000000000010000000000000010000000
000000100000000000000100000000000000100000000000001000000000000001000000000000001000000000000000010000000000000010000000000000010000000000000010000000
000000100000000000000100000000000000100000000000001000000000000001000000000000001000000000000000010000000000000010000000000000010000000000000010000000
000000100000000000000100000000000000100000000000001000000000000001000000000000001000000000000000010000000000000010000000000000010000000000000010000000
000000100000000000000100000000000000100000000000001000000000000001000000000000001000000000000000010000000000000010000000000000010000000000000010000000
111111111111111111111111111111111111111111111111111111111111111111111111111111111111111111111111111111111111111111111111111111111111111111111111111111
000000100000000000000100000000000000100000000000001000000000000001000000000000001000000000000000010000000000000010000000000000010000000000000010000000
000000100000000000000100000000000000100000000000001000000000000001000000000000001000000000000000010000000000000010000000000000010000000000000010000000
000000100000000000000100000000000000100000000000001000000000000001000000000000001000000000000000010000000000000010000000000000010000000000000010000000
