Raster:
40
100
0000000000000000000000000000000000000000000100000000000000000000000000000000000000000000000000000000
0000000000000000000000000000000000000000001110000000000000000000000000000000000000000000000000000000
0000000000000000000000000000000000000000010001000000000000000000000000000000000000000000000000000000
0000000000000000000000000000000000000011100000111000000000000000000000000000000000000000000000000000
0000000000000000000000000000000000000011100000111000000000000000000000000000000000000000000000000000
0000000000000000000000000000000000000000010001000000000000000000000000000000000000000000000000000000
0000000000000000000000000000000000000000001010000000000000000000000000000000000000000000000000000000
0000000000000000000000000000000000000000000100000000000000000000000000000000000000000000000000000000
1111111111111111111111111111111111111111111111111111111111111111111111111111111111111111111111111111
0000000000010000000000000010000000000000000100000000000001000000010001000000000010000000000001100000
0000000000010000000000000010000000000000000100000000000001000000100001000000000010000000000001100000
0000000000010000000000000010000000000000000100000000000001000001000001000000000010000000000001100000
0000000000010000000000000010000000000000000100000000000001000010000001000000000010000000000001100000
0000000000010000000000000010000000000000000100000000000001000100000001000000000010000000000001100000
0000000000010000000000000010000000000000000100000000000001001000000001000000000010000000000001100000
0000000000010000000000000010000000000000000100000000000001010000000001000000000010000000000001100000
1111111111111111111111111111111111111111111111111111111111111111111111111111111111111111111111111111
0000000000010000000000000010000000000000000100000000000001000000000001000000000010000000000001100000
0000000000010000000000000010000000000000000100000000000001000000000001000000000010000000000001100000
0000000000010000000000000010000000000000000100000000000001000000000001000000000010000000000001100000
0000000000010000111111111111111111111111111111111111111111111111111111111111000010000000000001100000
0000000000010001000000000010000000000000000100000000000001000000000001000000100010000000001111111100
0000000000010010000000000010000000000000000100000000000001000000000001000000010010000000010000000010
0000000000010100000000000010000000000000000100000000000001000000000001000000001010000000100000000001
0000000000011000000000000010000000000000000100000000000001000000000001000000000110000000000000000000
0111111111111111111111111111111111111111111111111111111111111111111111111111111111111110000000000000
0111111111111111111111111111111111111111111111111111111111111111111111111111111111111110000000000000
0000000000010100000000000010000000000000000100000000000001000000000001000000001010000000000000000000
0000000000010010000000000010000000000000000100000000000001000000000001000000010010000000100000000001
0000000000010001000000000010000000000000000100000000000001000000000001000000100010000000010000000010
0000000000010000111111111111111111111111111111111111111111111111111111111111000010000000001111111100
0000000000010000000000000010000000000000000100000000000001000000000001000000000010000000000001100000
0000000000010000000000000010000000000000000100000000000001000000000001000000000010000000000001100000
1111111111111111111111111111111111111111111111111111111111111111111111111111111111111111111111111111
0000000000010000000000000010000000000000000100000000000001010000000001000000000010000000000001100000
0000000000010000000000000010000000000000000100000000000001001000000001000000000010000000000001100000
0000000000010000000000000010000000000000000100000000000001000100000001000000000010000000000001100000
0000000000010000000000000010000000000000000100000000000001000010000001000000000010000000000001100000
0000000000010000000000000010000000000000000100000000000001000001000001000000000010000000000001100000
1111111111111111111111111111111111111111111111111111111111111111111111111111111111111111111111111111
