Raster:
32
150
000000000000000000000000000000000000000000000000000000000000000000000000000000000000000000000000000000000000000000000000000000000000000000000000000000
000000000000000000000000000000000000000000000000000000000000000011111111111100000000000000000000000000000000000000000000000000000000000000000000000000
000000000000000000000000000000000000000000000000000000000001111111111111111111110000000000000000000000000000000000000000000000000000000000000000000000
000000000000000000000000000000000000000000000000000000001111111111111111111111111111000000000000000000000000000000000000000000000000000000000000000000
000000000000000000000000000000000000000000000000000000111111111111111111111111111111111000000000000000000000000000000000000000000000000000000000000000
000000000000000000000000000000000000000000000000000011111111111111111111111111111111111100000000000000000000000000000000000000000000000000000000000000
000000000000000000000000000000000000000000000000000111111111111111111111111111111111111110000000000000000000000000000000000000000000000000000000000000
000000000000000000000000000000000000000000000000011111111111111111111111111111111111111111100000000000000000000000000000000000000000000000000000000000
000000000000000000000000000000000000000000000000011111111111111111111111111111111111111111110000000000000000000000000000000000000000000000000000000000
000000000000000000000000000000000000000000000000101111111111111111111111111111111111111111101000000000000000000000000000000000000000000000000000000000
000000000000000000000000000000000000000000000000101111111111111111111111111111111111111111101000000000000000000000000000000000000000000000000000000000
000000000000000000000000000000000000000000000000101111111111111111111111111111111111111111101000000000000000000000000000000000000000000000000000000000
000000000000000000000000000000000000000000000000101111111111111111111111111111111111111111101000000000000000000000000000000000000000000000000000000000
000000000000000000000000000000000000000000000000101111001111111111111111111111111111000111001000000000000000000000000000000000000000000000000000000000
000000000000000000000000000000000000000000000000100000110001111111111111111111111000011000011000000000000000000000000000000000000000000000000000000000
000000000000000000000000000000000000000000000000010001111100011111111111111111000001111100010000000000000000000000000000000000000000000000000000000000
000000000000000000000000000000000000000000000000010010000011100000111111110000111111000110010000000000000000000000000000000000000000000000000000000000
000000000000000000000000000000000000000000000000001110000000011100000111000011100000000011000000000000000000000000000000000000000000000000000000000000
000000000000000000000000000000000000000000000000001100000000000011000110001100000000000001100000000000000000000000000000000000000000000000000000000000
000000000000000000000000000000000000000000000000010110000000000000000111000000000000000011000000000000000000000000000000000000000000000000000000000000
000000000000000000000000000000000000000000000000000010000000000000001101110000000000000110000000000000000000000000000000000000000000000000000000000000
000000000000000000000000000000000000000000000000000011000000000001111000011100000000001100000000000000000000000000000000000000000000000000000000000000
000000000000000000000000000000000000000000000000001111111111111111100000001111111111111111100000000000000000000000000000000000000000000000000000000000
000000000000000000000000000000000000000000000000011111111111111111000000000101111111111110100000000000000000000000000000000000000000000000000000000000
000000000000000000000000000000000000000000000000010000011111111111000000000111111111100000010000000000000000000000000000000000000000000000000000000000
000000000000000000000000000000000000000000000000000000000000000111000111001111100000000000000000000000000000000000000000000000000000000000000000000000
000000000000000000000000000000000000000000000000000000000000001111111111111111100000000000000000000000000000000000000000000000000000000000000000000000
000000000000000000000000000000000000000000000000000000000000011111111111111111110000000000000000000000000000000000000000000000000000000000000000000000
000000000000000000000000000000000000000000000000000000000000111111111111111111111000000000000000000000000000000000000000000000000000000000000000000000
000000000000000000000000000000000000000000000000000000000001101101101101101101101100000000000000000000000000000000000000000000000000000000000000000000
000000000000000000000000000000000000000000000000000000000000000000000000000000000000000000000000000000000000000000000000000000000000000000000000000000
000000000000000000000000000000000000000000000000000000000000000000000000000000000000000000000000000000000000000000000000000000000000000000000000000000
