Raster:
32
140
00000000000000000000000000000000000000000000000111100000000000000000000000000000000000000000000000000000000000000000000000000000000000000000
00000000000000000000000000000000000000000011111111111000000000000000000000000000000000000000000000000000111000000000000000000000000000000000
00000000000000000000000000000000000000000111111111111110000000000000000000000000000000000000000000011111111100000000000000000000000000000000
00000000000000000000000000000000000000000000111111111111000000000000000000000000000000000001000001111111111111111100000011110000000000000000
00000000000000000000000000000000000000000000011111111110000000000000000111111111000000001111101111111111111111111111111111111111111111111000
00111111110000000000011111100000000000000000011111110000000000000000011101111000001111111111111111111111111111111111111111111111111111111100
01111111111111111111111111111111000000000000001111100000000000000011111001111111111111111111111111111111111111111111111111111100011110000000
01111111111111111111111111111110000000000000000111100000000001100011110000011111111111111111111111111111111111111111111100000011000000000000
00111100000001111111111111111100000001110000000000000000000000110001000011111111111111111111111111111111111111111111100000000011000000000000
00000000000000001111111111111111000001111110000000000000000000001111111111111111111111111111111111111111111111111111111000000000000000000000
00000000000000000011111111111111111001111111100000000000000000011111111111111011111011111111111111111111111111111111110000000000000000000000
00000000000000000001111111111111111111110000000000000000000011110000100011011101111001111111111111111111111111111110000000000000000000000000
00000000000000000001111111111111111111100000000000000000000001001111000000000011111111111111111111111111111111000000000000000000000000000000
00000000000000000001111111111111111100000000000000000000000011111111111011000011111011111111111111111111111111100000000000000000000000000000
00000000000000000000001111111111111000000000000000000000001111111111111111111001111100001111111111111111111111100000000000000000000000000000
00000000000000000000000011111000000000000000000000000000011111111111111111111100011111100000111110000111100000000000000000000000000000000000
00000000000000000000000000111000000000000000000000000000011111111111111111111111010000000000011100000001110000000000000000000000000000000000
00000000000000000000000000011111100000000000000000000000001111111111111111111111111000000000001100000000000000000000000000000000000000000000
00000000000000000000000000000000111000000000000000000000000000000001111111111111110000000000000010000000000000000000000000000000000000000000
00000000000000000000000000000000000111111000000000000000000000000000111111111111000000000000000000000000000000000000000000000000000000000000
00000000000000000000000000000000000111111111100000000000000000000000011111111110000000000000000000000000000000000000000000000000000000000000
00000000000000000000000000000000001111111111111100000000000000000000011111111110000100000000000000000000000000000000000000000000000000000000
00000000000000000000000000000000001111111111111111100000000000000000011111111000001000000000000000000000000000000000000111000000000000000000
00000000000000000000000000000000000011111111111111000000000000000000001111111000011000000000000000000000000000000000111111111110000000000000
00000000000000000000000000000000000001111111111110000000000000000000000111110000000000000000000000000000000000000111111111111111100000000000
00000000000000000000000000000000000000111111110000000000000000000000000000000000000000000000000000000000000000000011111111111111100000000000
00000000000000000000000000000000000001111111100000000000000000000000000000000000000000000000000000000000000000000011100000011111000000000000
00000000000000000000000000000000000001111110000000000000000000000000000000000000000000000000000000000000000000000000000000001110000000000000
00000000000000000000000000000000000011110000000000000000000000000000000000000000000000000000000000000000000000000000000000000000000000000000
00000000000000000000000000000000000011100000000000000000000000000000000000000000000000000000000000000000000000000000000000000000000000000000
00000000000000000000000000000000000011100000000000000000000000000000000000000000000000000000000000000000000000000000000000000000000000000000
00000000000000000000000000000000000001100000000000000000000000000000000000000000000000000000000000000000000000000000000000000000000000000000
