Raster:
32
70
0000000000000000000000111100000000000000000000000000000000000000000000
0000000000000000001111111110000000000000000000000000000000000000000000
0000000000000000010001111110000000000000000000000011110000000000000000
0000000000000000000000111111000000000000000000001111111110000000000000
0000000001011000000000011110000000001110000010011111111111111111111100
0111100111111000000000011110000000110110011111111111111111111111111100
1111111111111111000000011000000001101111111111111111111111111111111000
1111111111111110000000001000000001100111111111111111111111110001000000
0111001111111110000100000000000100001111111111111111111111100001000000
0000000111111111001110000000000011111111111111111111111111110000000000
0000000011111111101111000000000111111100111111111111111111100000000000
0000000001111111111100000000001100100011111111111111111111000000000000
0000000001111111111000000000001011000001111111111111111000000000000000
0000000001111111110000000000001111111101111111111111111100000000000000
0000000000111111100000000000011111111110110001111111111000000000000000
0000000000001100000000000000011111111110111000111001100000000000000000
0000000000000100000000000000011111111111010000110000100000000000000000
0000000000000111100000000000001111111111110000010000000000000000000000
0000000000000000110000000000000000111111100000000000000000000000000000
0000000000000000011110000000000000111111000000000000000000000000000000
0000000000000000011111000000000000011111000000000000000000000000000000
0000000000000000111111111000000000111111000000000000000000000000000000
0000000000000000011111111100000000111110010000000000000000001010000000
0000000000000000001111111000000000011110010000000000000000111110000000
0000000000000000000111111000000000011100000000000000000011111111100000
0000000000000000000111100000000000011000000000000000000011111111100000
0000000000000000000111100000000000000000000000000000000001000111000000
0000000000000000001110000000000000000000000000000000000000000011000000
0000000000000000001100000000000000000000000000000000000000000001000000
0000000000000000001100000000000000000000000000000000000000000000000000
0000000000000000001000000000000000000000000000000000000000000000000000
0000000000000000001100000000000000000000000000000000000000000000000000
