Raster:
32
150
000000100000000000000100000000000000100000000000001000000000000001000000000000001000000000000000010000000000000010000000000000010000000000000010000000
000000100000000000000100000000000000100000000000001000000000000001000000000000001000000000000000010000000000000010000000000000010000000000000010000000
111111111111111111111111111111111111111111111111111111111111111111111111111111111111111111111111111111111111111111111111111111111111111111111111111111
000000100000000000000100000000000000100000000000001000000000000001000000000000001000000000000000010000000000000010000000000000010000000000000010000000
000000100000000000000100000000000000100000000000001000000000000001000000000000001000000000000000010000000000000010000000000000010000000000000010000000
000000100000000000000100000000000000100000000000001000000000000001000000000000001000000000000000010000000000000010000000000000010000000000000010000000
000000100000000000000100000000000000100000000000001000000000000001000000000000001000000000000000010000000000000010000000000000010000000000000010000000
000000100000000000000100000000000000100000000000001000000000000001000000000000001000000000000000010000000000000010000000000000010000000000000010000000
000000100000000000000100000000000000100000000000001000000000000001000000000000001000000000000000010000000000000010000000000000010000000000000010000000
111111111111111111111111111111111111111111111111111111111111111111111111111111111111111111111111111111111111111111111111111111111111111111111111111111
000000100000001100000100000000000000100000000000001000000000000000000001111100000000000000000000010000000000000010000000000000010000011000000010000000
000000100000110000000100000000000000100000000000001000000000000000000110000011000000000000000000010000000000000010000000000000010000000110000010000000
000000100011000000000100000000000000100000000000001000000000000000110000000000110000000000000000010000000000000010000000000000010000000001100010000000
000000101100000000000100000000000000100000000000001000000000000011000000000000001100000000000000010000000000000010000000000000010000000000011010000000
000000110000000000000100000000000000100000000000001000000000001100000000111000000011000000000000010000000000000010000000000000010000000000000110000000
111111111111111111111111111111111111111111111111111111111111110000000001000100000000111111111111111111111111111111111111111111111111111111111111111111
000000100000000000000100000000000000100000000000001000000000001100000000111000000011000000000000010000000000000010000000000000010000000000000010000000
000000100000000000000100001111100000100000000000001000000000000011000000000000001100000000000000010000000000000010000111110000010000000000000010000000
000000100000000000000100001000100000100000000000001000000000000000110000000000110000000000000000010000000000000010000100010000010000000000000010000000
000000100000000000000100001111100000100000000000001000000000000000001100000011000000000000000000010000000000000010000111110000010000000000000010000000
000000100000000000000100000000000000100000000000001000000000000000000011111100000000000000000000010000000000000010000000000000010000000000000010000000
111111111111111111111111111111111111111111111111111111111111111111111111111111111111111111111111111111111111111111111111111111111111111111111111111111
000000110000000000000100000000000000100000000000001000000000000001000000000000001000000000000000010000000000000010000000000000010000000000000110000000
000000101100000000000100000000000000100000000000001000000000000001000000000000001000000000000000010000000000000010000000000000010000000000011010000000
000000100011000000000100000000000000100000000000001000000000000001000000000000001000000000000000010000000000000010000000000000010000000001100010000000
000000100000110000000100000000000000100000000000001000000000000001000000000000001000000000000000010000000000000010000000000000010000000110000010000000
000000100000001100000100000000000000100000000000001000000000000001000000000000001000000000000000010000000000000010000000000000010000001100000010000000
000000100000000011000100000000000000100000000000001000000000000001000000000000001000000000000000010000000000000010000000000000010000110000000010000000
111111111111111111111111111111111111111111111111111111111111111111111111111111111111111111111111111111111111111111111111111111111111111111111111111111
000000100000000000000100000000000000100000000000001000000000000001000000000000001000000000000000010000000000000010000000000000010000000000000010000000
000000100000000000000100000000000000100000000000001000000000000001000000000000001000000000000000010000000000000010000000000000010000000000000010000000
000000100000000000000100000000000000100000000000001000000000000001000000000000001000000000000000010000000000000010000000000000010000000000000010000000
