Raster:
24
150
000000000000000000000000000000000000000000000000000000000000000000000000000000000000000000000000000000000000000000000000000000000000000000000000000000
000000000000000000000000000000000000000011111100011111111111111100000000000000000000000000000000000000000000000000000000000000000000000000000000000000
000000000000000000000000000000000000000111000000111111111111111110000000000000000000000000000000000000000000000000000000000000000000000000000000000000
000000000000000000000000111011100000001100000000000011111111111110000000000000000000000000000000000000000000001111111110000000000000000000000000000000
000000001111111111111111111111111111110000000000000000111111100000000000000000000111111000000000001110000111111111111111111111111111111111111111111100
000000001111111111111111111111111111000000000000000000111100000000000000000000111101111111111111111111111111111111111111111111111111111111111111111000
000000000000000000001111111111111110000000011100000000000000000000000000000000011001111111111111111111111111111111111111111111111100000000000000000000
000000000000000000000011111111111111111100111111100000000000000000000000000001111111111111111111111111111111111111111111111111111110000000000000000000
000000000000000000000000111111111111111111111100000000000000000000000000001111111111111000111100111111111111111111111111111111111110000000000000000000
000000000000000000000000111111111111111111100000000000000000000000000001110000011011111111111100011111111111111111111111110000000000000000000000000000
000000000000000000000000000111111111111111000000000000000000000000000001111111000000000001111111111111111111111111111111111000000000000000000000000000
000000000000000000000000000000111100000000000000000000000000000000000011111111111111111001111100000001111111111111111111100000000000000000000000000000
000000000000000000000000000000011111110000000000000000000000000000011111111111111111111110011111100000001111100001111100000000000000000000000000000000
000000000000000000000000000000000000011100000000000000000000000000001111111111111111111111100000000000000110000000001110000000000000000000000000000000
000000000000000000000000000000000000000000111111110000000000000000000000000000111111111111111000000000000000000000000000000000000000000000000000000000
000000000000000000000000000000000000000001111111111111000000000000000000000000011111111111000000000000000000000000000000000000000000000000000000000000
000000000000000000000000000000000000000000111111111111111110000000000000000000001111111111000000000000000000000000000000000000000000000000000000000000
000000000000000000000000000000000000000000000111111111111100000000000000000000011111111110000110000000000000000000000000000000111100110000000000000000
000000000000000000000000000000000000000000000011111111100000000000000000000000001111111100001100000000000000000000000000011111111111111110000000000000
000000000000000000000000000000000000000000000111111110000000000000000000000000000111111000000000000000000000000000000000001111111111111100000000000000
000000000000000000000000000000000000000000001111110000000000000000000000000000000000000000000000000000000000000000000000000000000000111000000000000000
000000000000000000000000000000000000000000001110000000000000000000000000000000000000000000000000000000000000000000000000000000000000000000000000000000
000000000000000000000000000000000000000000001100000000000000000000000000000000000000000000000000000000000000000000000000000000000000000000000000000000
000000000000000000000000000000000000000000000000000000000000000000000000000000000000000000000000000000000000000000000000000000000000000000000000000000
