Raster:
32
100
0000000000000000000000000000000001111000000000000000000000000000000000000000000000000000000000000000
0000000000000000000000111111101111111100000000000000000000000000000000000111000000000000000000000000
0000000000000000000000111100001111111110000000000000000000000000000000011111110000000000000000000000
0000000000000000110000000000000111111111000000000000000000000000000001111111111111100111000000000000
0000000000000111110000001010000001111111000000000011111100000111110011111111111111111111111111111100
0111111100011111111000001111000011111000000000000111111000111111111111111111111111111111111111111110
1111111111111111111111100001100011110000000000011110111111111111111111111111111111111111111111100000
1111111111111111111111000000100000110000000010001110111111111111111111111111111111111100001100000000
0011000001111111111110000011100000000000000110000011111111111111111111111111111111111110001000000000
0000000000011111111111100001111000000000000000111111111111111111111111111111111111111000000000000000
0000000000001111111111111111111100000000000001111111100001111111111111111111111111110000000000000000
0000000000000111111111111111100010000000000111000100011101101111111111111111111111000000000000000000
1000001000000111111111111111100000000000000011111000000011111111111111111111111000000000111000111100
1000001000000011111111111110000000000000001111111111110011111111111111111111111100000000100100100100
0100010000000000111111111000000000000000001111111111111011110011111111111111111000000000111000100100
0010100000000000011100000000000000000000011111111111111101111100011111001110000000000000100000100100
0001000000000000001111000000000000000000011111111111111110100000001110000011000000000000100000111100
0000000000000000000001110000000000000000001111111111111111110000000100000000000000000000000000000000
0000000000000000000000011100000000000000000000001111111111100000000000000000000000000000000000000000
1000011110011110011100000111000000000000000000000111111111000000000000000000000000000000000000011100
1000010010010010010000000111111100000000000000000111111110000000000000000000000000000000000000010000
1000010010011100011000001111111111000000000000000111111110000000000000000000000000000000000000010100
1000010010010010010000001111111111110000000000000011111100010000000000000000000000000110010000010010
1110011110011110011100000011111111110000000000000011111000110000000000000000000000011111110000011110
0000000000000000000000000011111111100000000000000001110000100000000000000000000001111111111100000000
0000000000000000000000000011111110000000000000000000000000000000000000000000000001111111111110000000
0000000000000000000000000001111100000000000000000000000000000000000000000000000000111100111100000000
0000000000000000000000000011110000000000000000000000000000000000000000000000000000000000011000000000
0000000000000000000000000011100000000000000000000000000000000000000000000000000000000000001000000000
0000000000000000000000000011000000000000000000000000000000000000000000000000000000000000000000000000
0000000000000000000000000010000000000000000000000000000000000000000000000000000000000000000000000000
0000000000000000000000000000000000000000000000000000000000000000000000000000000000000000000000000000
